,Date,Open,High,Low,Close,Volume,OtherData
0,2012-09-28,75.0,80.0,74.5,80.0,810.0,0.0
1,2012-10-02,81.5,81.5,80.0,80.0,1600.0,0.0
2,2012-10-04,79.85,79.85,76.5,76.5,2900.0,0.0
3,2012-10-05,76.5,76.5,76.5,76.5,3000.0,0.0
4,2012-10-08,76.5,78.5,76.5,78.5,9500.0,-153000.0
5,2012-10-09,78.0,78.5,78.0,78.45,7300.0,0.0
6,2012-10-10,78.0,78.5,77.0,78.5,4020.0,0.0
7,2012-10-12,78.75,78.75,78.5,78.5,12000.0,0.0
8,2012-10-16,80.0,80.0,79.8,79.8,2000.0,0.0
9,2012-10-17,78.6,78.6,78.5,78.5,229160.0,0.0
10,2012-10-19,77.0,77.0,77.0,77.0,10.0,0.0
11,2012-10-23,76.5,76.5,75.25,75.25,1690.0,0.0
12,2012-10-29,75.25,75.25,75.25,75.25,1000.0,0.0
13,2012-10-30,75.25,75.25,75.25,75.25,53000.0,0.0
14,2012-11-07,75.25,75.5,75.0,75.5,44830.0,0.0
15,2012-11-08,75.5,75.5,75.5,75.5,1650.0,0.0
16,2012-11-09,75.25,75.25,75.25,75.25,200.0,0.0
17,2012-11-20,75.5,75.5,75.5,75.5,10.0,0.0
18,2012-11-21,75.25,75.25,75.25,75.25,4000.0,0.0
19,2012-11-23,75.25,75.25,75.25,75.25,34500.0,0.0
20,2012-11-27,75.5,75.5,75.5,75.5,7350.0,0.0
21,2012-12-04,75.5,75.5,75.5,75.5,10.0,0.0
22,2012-12-05,75.5,75.5,75.5,75.5,960.0,0.0
23,2012-12-07,75.5,76.0,75.5,76.0,7100.0,0.0
24,2012-12-10,75.85,75.85,75.25,75.25,500.0,0.0
25,2012-12-13,75.35,75.35,75.2,75.2,38610.0,0.0
26,2012-12-14,75.25,75.25,75.2,75.25,23010.0,0.0
27,2012-12-17,74.5,74.5,74.4,74.4,2200.0,0.0
28,2012-12-18,73.95,73.95,73.95,73.95,6610.0,0.0
29,2012-12-19,73.95,74.1,73.95,74.1,33250.0,0.0
30,2012-12-20,74.1,74.1,74.1,74.1,4800.0,0.0
31,2012-12-21,74.1,74.2,74.1,74.2,6460.0,0.0
32,2012-12-26,74.2,74.2,74.2,74.2,7470.0,0.0
33,2012-12-27,74.25,74.25,74.25,74.25,13190.0,0.0
34,2012-12-28,75.0,75.0,75.0,75.0,200.0,0.0
35,2013-01-03,75.0,75.0,75.0,75.0,26600.0,0.0
36,2013-01-11,75.25,75.25,75.25,75.25,500.0,0.0
37,2013-01-15,74.5,74.5,74.5,74.5,900.0,0.0
38,2013-01-16,74.5,74.65,74.5,74.65,850.0,0.0
39,2013-01-22,75.0,75.0,75.0,75.0,220.0,0.0
40,2013-01-25,75.1,75.1,75.1,75.1,5000.0,0.0
41,2013-01-28,75.1,75.25,75.1,75.25,101000.0,0.0
42,2013-01-29,75.25,75.25,75.25,75.25,40810.0,0.0
43,2013-01-30,75.25,75.25,75.25,75.25,1000.0,0.0
44,2013-01-31,75.1,75.1,75.1,75.1,61760.0,-4638176.0
45,2013-02-01,75.1,75.25,75.0,75.25,99130.0,-2871824.0
46,2013-02-04,75.1,75.25,75.05,75.25,1250.0,0.0
47,2013-02-05,75.25,75.25,75.15,75.15,13470.0,0.0
48,2013-02-06,75.25,75.25,75.25,75.25,29150.0,0.0
49,2013-02-07,75.25,75.25,75.25,75.25,8000.0,0.0
50,2013-02-08,75.25,75.25,75.25,75.25,7000.0,0.0
51,2013-02-11,75.25,75.25,75.25,75.25,272870.0,0.0
52,2013-02-12,75.25,75.25,75.25,75.25,13600.0,0.0
53,2013-02-13,75.25,75.25,75.25,75.25,571890.0,0.0
54,2013-02-14,75.25,75.25,75.2,75.25,596700.0,0.0
55,2013-02-15,75.25,75.25,75.0,75.25,695190.0,0.0
56,2013-02-18,75.25,75.25,75.25,75.25,707170.0,0.0
57,2013-02-19,75.2,75.25,75.2,75.25,968820.0,0.0
58,2013-02-20,75.25,75.25,75.25,75.25,43240.0,0.0
59,2013-02-21,75.25,75.25,75.25,75.25,232610.0,0.0
60,2013-02-22,75.25,75.3,75.25,75.25,52390.0,0.0
61,2013-02-25,75.25,75.35,75.25,75.35,52110.0,0.0
62,2013-02-26,75.35,75.4,75.35,75.4,99400.0,0.0
63,2013-02-27,75.45,75.45,75.45,75.45,369470.0,0.0
64,2013-02-28,75.45,76.0,75.45,76.0,394750.0,0.0
65,2013-03-01,76.0,76.0,76.0,76.0,79000.0,0.0
66,2013-03-04,75.5,76.5,75.5,76.5,30900.0,0.0
67,2013-03-05,75.5,76.5,75.5,76.5,8900.0,0.0
68,2013-03-06,76.0,76.5,76.0,76.5,57400.0,0.0
69,2013-03-07,76.0,76.5,76.0,76.0,3100.0,0.0
70,2013-03-08,76.05,76.05,76.0,76.0,15600.0,0.0
71,2013-03-11,76.5,76.5,76.5,76.5,13250.0,0.0
72,2013-03-12,76.5,76.5,76.5,76.5,107670.0,0.0
73,2013-03-13,76.5,77.0,76.5,76.6,165300.0,0.0
74,2013-03-14,76.5,76.5,76.5,76.5,66000.0,0.0
75,2013-03-15,74.8,76.3,74.8,76.3,350.0,0.0
76,2013-03-18,75.05,76.3,75.05,76.25,4450.0,0.0
77,2013-03-19,75.1,76.2,75.1,76.2,410.0,0.0
78,2013-03-22,76.25,76.25,76.25,76.25,16500.0,0.0
79,2013-04-01,75.75,76.25,75.75,76.25,1300.0,0.0
80,2013-04-02,76.25,77.0,76.0,76.75,6300.0,0.0
81,2013-04-03,77.0,78.5,77.0,78.5,2000.0,0.0
82,2013-04-08,76.3,76.3,75.9,75.9,500.0,0.0
83,2013-04-10,78.0,78.0,78.0,78.0,150.0,0.0
84,2013-04-18,77.5,78.0,77.5,78.0,1150.0,0.0
85,2013-04-19,77.0,77.0,77.0,77.0,1000.0,0.0
86,2013-04-22,78.0,78.0,78.0,78.0,130.0,0.0
87,2013-04-23,78.0,78.0,78.0,78.0,12500.0,0.0
88,2013-04-24,78.4,78.5,78.4,78.4,26100.0,0.0
89,2013-04-25,78.5,80.0,78.5,80.0,134250.0,0.0
90,2013-04-26,80.0,81.0,80.0,81.0,500.0,0.0
91,2013-04-29,81.0,81.0,81.0,81.0,6160.0,0.0
92,2013-04-30,81.0,81.1,81.0,81.1,7900.0,0.0
93,2013-05-02,81.0,81.5,81.0,81.5,4050.0,0.0
94,2013-05-03,81.5,82.0,81.0,82.0,16500.0,0.0
95,2013-05-06,81.45,81.45,81.45,81.45,4300.0,0.0
96,2013-05-08,81.45,82.0,81.05,82.0,16100.0,0.0
97,2013-05-09,81.95,82.0,81.95,82.0,58000.0,0.0
98,2013-05-10,81.0,82.0,81.0,82.0,25490.0,492000.0
99,2013-05-16,81.05,81.05,81.05,81.05,460.0,0.0
100,2013-05-17,81.05,82.0,81.0,82.0,20100.0,0.0
101,2013-05-21,79.0,81.95,79.0,81.95,10050.0,-790000.0
102,2013-05-27,80.05,80.05,80.05,80.05,500.0,0.0
103,2013-05-28,81.95,81.95,80.15,80.15,750.0,0.0
104,2013-05-29,80.15,81.95,80.0,81.95,10100.0,0.0
105,2013-05-31,80.75,80.75,80.5,80.5,10000.0,0.0
106,2013-06-03,80.75,81.0,80.75,81.0,8500.0,0.0
107,2013-06-04,81.95,81.95,81.95,81.95,900.0,0.0
108,2013-06-05,80.6,81.95,80.5,81.95,7050.0,-563761.0
109,2013-06-07,81.95,82.0,81.95,82.0,2500.0,0.0
110,2013-06-10,82.0,82.0,82.0,82.0,1000.0,0.0
111,2013-06-13,80.0,80.0,80.0,80.0,50.0,0.0
112,2013-06-14,80.0,82.0,79.0,81.5,11300.0,0.0
113,2013-06-19,81.5,81.5,81.5,81.5,10.0,0.0
114,2013-06-24,80.9,80.9,80.9,80.9,20.0,0.0
115,2013-06-25,79.0,79.0,79.0,79.0,16080.0,0.0
116,2013-06-26,79.0,79.0,79.0,79.0,6780.0,0.0
117,2013-06-27,79.0,79.0,79.0,79.0,640.0,0.0
118,2013-06-28,79.5,79.5,79.5,79.5,20.0,0.0
119,2013-07-03,79.1,79.5,79.1,79.5,3880.0,0.0
120,2013-07-08,79.2,79.2,79.0,79.0,6500.0,0.0
121,2013-07-12,79.55,79.55,79.55,79.55,1000.0,0.0
122,2013-07-16,79.6,79.6,79.5,79.5,32500.0,0.0
123,2013-07-17,79.0,79.0,75.0,75.0,192410.0,-1560.0
124,2013-07-18,75.0,77.0,75.0,77.0,72430.0,-1540000.0
125,2013-07-22,77.0,77.0,76.0,77.0,13520.0,0.0
126,2013-07-23,76.0,76.95,76.0,76.95,85050.0,-5320000.0
127,2013-07-24,76.2,76.2,76.1,76.1,14000.0,0.0
128,2013-07-25,76.95,77.5,76.0,77.5,10180.0,-488785.0
129,2013-07-29,77.4,77.5,77.4,77.5,25700.0,-771125.0
130,2013-08-01,78.0,78.0,78.0,78.0,5000.0,0.0
131,2013-08-05,76.1,78.5,76.1,78.5,400.0,-7850.0
132,2013-08-06,76.1,78.0,76.1,78.0,150.0,0.0
133,2013-08-07,76.1,78.25,76.0,78.25,1510.0,0.0
134,2013-08-12,78.25,78.25,78.25,78.25,82400.0,0.0
135,2013-08-13,78.3,78.3,78.3,78.3,2000.0,0.0
136,2013-08-22,76.35,76.5,76.2,76.4,7540.0,0.0
137,2013-08-23,76.4,76.4,75.0,75.0,91800.0,-5669181.0
138,2013-08-27,76.4,76.4,75.0,75.0,48000.0,-3001745.0
139,2013-08-28,75.25,75.3,75.25,75.3,850.0,0.0
140,2013-08-29,76.3,76.3,76.2,76.2,10990.0,35052.0
141,2013-08-30,76.3,76.3,76.3,76.3,6000.0,0.0
142,2013-09-05,76.2,76.8,76.2,76.8,600.0,0.0
143,2013-09-09,76.2,77.2,75.25,77.2,2150.0,0.0
144,2013-09-10,77.0,77.0,77.0,77.0,1000.0,0.0
145,2013-09-11,75.8,75.8,75.8,75.8,4350.0,0.0
146,2013-09-12,75.5,76.0,75.5,76.0,41500.0,0.0
147,2013-09-13,76.0,76.0,76.0,76.0,38530.0,0.0
148,2013-09-16,76.0,76.2,75.3,76.2,5600.0,-309042.0
149,2013-09-18,76.2,76.2,76.2,76.2,3900.0,0.0
150,2013-09-19,76.5,76.5,76.5,76.5,11950.0,0.0
151,2013-09-25,76.45,76.45,76.45,76.45,2340.0,0.0
152,2013-09-26,76.45,76.45,76.45,76.45,2000.0,0.0
153,2013-09-30,76.45,76.5,76.4,76.5,22150.0,0.0
154,2013-10-01,76.4,76.4,76.4,76.4,4410.0,0.0
155,2013-10-07,75.9,75.9,75.9,75.9,6700.0,0.0
156,2013-10-08,76.9,76.9,76.9,76.9,5000.0,0.0
157,2013-10-10,75.9,77.0,75.4,77.0,22000.0,0.0
158,2013-10-11,77.0,77.0,77.0,77.0,10000.0,0.0
159,2013-10-14,77.0,77.0,77.0,77.0,1800.0,0.0
160,2013-10-16,76.9,77.05,76.9,77.05,26000.0,0.0
161,2013-10-18,77.05,77.05,77.0,77.0,5580.0,0.0
162,2013-10-21,77.05,77.05,77.05,77.05,4410.0,0.0
163,2013-10-23,77.05,77.05,77.05,77.05,26000.0,-396807.0
164,2013-10-24,77.0,77.0,77.0,77.0,580.0,-44660.0
165,2013-10-29,77.0,77.0,77.0,77.0,280.0,-21560.0
166,2013-10-31,77.0,77.0,77.0,77.0,490.0,-37730.0
167,2013-11-04,77.0,77.0,77.0,77.0,10030.0,0.0
168,2013-11-06,77.5,77.5,77.5,77.5,100.0,0.0
169,2013-11-07,77.0,77.0,76.0,76.0,2690.0,-204687.5
170,2013-11-08,76.5,77.0,76.5,77.0,500200.0,0.0
171,2013-11-11,76.9,77.0,76.3,77.0,814200.0,0.0
172,2013-11-12,77.5,77.5,76.7,76.7,9310.0,0.0
173,2013-11-13,77.0,77.0,77.0,77.0,2410.0,0.0
174,2013-11-14,76.6,76.6,76.6,76.6,910.0,0.0
175,2013-11-15,77.0,77.0,77.0,77.0,1400.0,0.0
176,2013-11-18,77.0,77.0,77.0,77.0,700.0,0.0
177,2013-11-19,77.0,77.0,77.0,77.0,4000.0,-308000.0
178,2013-11-20,77.0,77.0,77.0,77.0,24060.0,0.0
179,2013-11-27,77.0,77.0,77.0,77.0,500.0,0.0
180,2013-11-28,77.5,77.5,77.0,77.0,1150.0,0.0
181,2013-11-29,77.5,77.5,77.5,77.5,1250.0,0.0
182,2013-12-02,77.0,77.0,77.0,77.0,2780.0,0.0
183,2013-12-03,77.0,77.0,76.8,77.0,80530.0,0.0
184,2013-12-04,77.0,77.0,77.0,77.0,112090.0,0.0
185,2013-12-10,77.0,77.0,76.9,76.9,15700.0,-207630.0
186,2013-12-11,76.9,76.9,76.9,76.9,8200.0,0.0
187,2013-12-12,76.9,76.9,76.9,76.9,10380.0,0.0
188,2013-12-13,76.85,76.85,76.85,76.85,10.0,0.0
189,2013-12-16,76.1,76.1,76.1,76.1,2700.0,-205470.0
190,2013-12-17,76.85,76.85,76.85,76.85,15300.0,-1099723.5
191,2013-12-18,76.85,76.85,76.85,76.85,15000.0,-1152750.0
192,2013-12-19,76.35,76.35,76.3,76.3,10000.0,-763100.0
193,2013-12-20,76.4,76.4,76.4,76.4,650.0,0.0
194,2013-12-27,76.3,76.3,76.3,76.3,70000.0,0.0
195,2014-01-02,76.5,76.5,76.2,76.2,25100.0,0.0
196,2014-01-03,76.4,76.4,76.4,76.4,100.0,0.0
197,2014-01-06,76.5,77.3,76.5,77.3,1090.0,-45135.0
198,2014-01-07,77.5,77.5,76.5,76.5,5410.0,-306000.0
199,2014-01-08,77.5,77.5,77.5,77.5,80030.0,0.0
200,2014-01-09,77.6,77.6,77.6,77.6,6000.0,0.0
201,2014-01-10,76.6,77.6,76.6,76.6,81620.0,0.0
202,2014-01-14,77.0,77.5,77.0,77.5,11000.0,0.0
203,2014-01-15,77.0,77.5,77.0,77.5,1050.0,0.0
204,2014-01-16,77.5,77.8,77.5,77.8,11600.0,-775000.0
205,2014-01-17,77.6,77.65,77.6,77.65,450.0,0.0
206,2014-01-20,77.75,77.75,77.7,77.7,21200.0,0.0
207,2014-01-23,78.0,78.0,78.0,78.0,5000.0,0.0
208,2014-01-27,78.0,78.0,78.0,78.0,4000.0,0.0
209,2014-01-28,77.8,77.8,77.8,77.8,4000.0,0.0
210,2014-01-30,78.0,78.0,77.8,77.8,18300.0,0.0
211,2014-02-03,77.8,77.8,77.8,77.8,11500.0,0.0
212,2014-02-04,77.0,77.0,77.0,77.0,1000.0,0.0
213,2014-02-05,77.05,77.05,77.05,77.05,10000.0,-770500.0
214,2014-02-06,77.2,77.2,77.1,77.1,1000.0,0.0
215,2014-02-11,77.1,77.1,77.1,77.1,20400.0,0.0
216,2014-02-17,77.1,77.1,77.1,77.1,950.0,0.0
217,2014-02-18,77.1,77.1,77.1,77.1,5900.0,0.0
218,2014-02-19,77.1,77.1,77.1,77.1,21020.0,0.0
219,2014-02-21,77.1,77.1,77.1,77.1,4930.0,0.0
220,2014-02-24,77.1,77.1,77.1,77.1,28500.0,0.0
221,2014-02-26,77.0,77.1,77.0,77.1,122940.0,0.0
222,2014-03-03,78.0,78.0,78.0,78.0,14000.0,0.0
223,2014-03-04,78.0,78.1,77.95,77.95,2900.0,-210585.0
224,2014-03-05,78.95,78.95,78.95,78.95,110.0,0.0
225,2014-03-07,77.95,78.0,77.95,77.95,3600.0,-202680.0
226,2014-03-11,77.1,77.1,77.1,77.1,13000.0,0.0
227,2014-03-12,77.1,77.1,77.0,77.0,20000.0,-1540030.0
228,2014-03-13,77.0,77.0,77.0,77.0,25720.0,0.0
229,2014-03-17,76.0,76.0,76.0,76.0,14280.0,0.0
230,2014-03-19,77.0,77.0,77.0,77.0,250.0,0.0
231,2014-03-20,76.1,76.1,76.1,76.1,1000.0,0.0
232,2014-03-21,76.25,76.25,76.25,76.25,5300.0,0.0
233,2014-03-25,77.0,77.0,77.0,77.0,6400.0,0.0
234,2014-03-27,76.3,76.3,76.1,76.2,7250.0,-205790.0
235,2014-03-31,76.5,76.5,76.2,76.2,3100.0,0.0
236,2014-04-03,76.5,76.5,76.5,76.5,260.0,0.0
237,2014-04-04,76.5,76.5,76.5,76.5,4500.0,0.0
238,2014-04-08,76.4,76.5,76.4,76.5,7040.0,0.0
239,2014-04-11,76.5,76.5,76.5,76.5,6050.0,0.0
240,2014-04-15,77.0,77.0,77.0,77.0,1250.0,0.0
241,2014-04-16,77.5,77.5,76.1,76.1,13610.0,0.0
242,2014-04-23,78.25,78.25,78.25,78.25,160.0,0.0
243,2014-04-24,78.45,78.45,78.45,78.45,120.0,0.0
244,2014-04-29,77.0,78.0,77.0,78.0,5750.0,0.0
245,2014-04-30,78.0,78.5,78.0,78.5,2010.0,0.0
246,2014-05-05,77.0,78.0,77.0,77.3,11130.0,-208640.0
247,2014-05-12,78.0,78.0,78.0,78.0,1000.0,0.0
248,2014-05-13,78.5,78.5,78.5,78.5,1000.0,0.0
249,2014-05-14,78.5,78.5,78.5,78.5,3000.0,0.0
250,2014-05-15,78.6,78.75,78.5,78.75,4800.0,0.0
251,2014-05-16,78.75,78.9,78.75,78.9,10000.0,0.0
252,2014-05-20,78.0,78.0,78.0,78.0,70000.0,0.0
253,2014-05-21,78.0,78.0,77.9,77.9,8420.0,0.0
254,2014-05-22,77.9,78.0,77.6,77.6,25500.0,0.0
255,2014-05-23,77.95,78.0,77.5,77.9,29140.0,0.0
256,2014-05-27,77.8,77.8,77.5,77.5,31710.0,0.0
257,2014-05-28,77.7,77.75,77.5,77.75,17000.0,0.0
258,2014-05-29,77.5,77.9,77.0,77.9,25900.0,-310000.0
259,2014-05-30,77.9,77.9,77.5,77.5,25700.0,0.0
260,2014-06-05,77.3,77.3,75.1,75.1,119950.0,0.0
261,2014-06-06,76.0,77.0,75.5,77.0,276000.0,0.0
262,2014-06-09,76.0,76.0,75.5,75.5,73280.0,0.0
263,2014-06-10,75.5,75.5,75.4,75.5,50700.0,0.0
264,2014-06-11,75.4,75.4,75.3,75.3,44610.0,-707820.0
265,2014-06-13,75.3,75.5,75.3,75.3,157330.0,-166634.0
266,2014-06-16,75.25,75.3,75.0,75.05,67700.0,0.0
267,2014-06-17,75.2,75.2,75.0,75.0,118500.0,37600.0
268,2014-06-18,75.05,75.05,74.9,74.9,92830.0,-6964750.0
269,2014-06-19,75.0,75.0,75.0,75.0,47170.0,-3537750.0
270,2014-06-20,75.15,75.2,75.15,75.2,21000.0,0.0
271,2014-06-23,75.2,75.4,75.05,75.05,294120.0,-154210.0
272,2014-06-24,75.3,75.4,75.3,75.4,39620.0,0.0
273,2014-06-25,75.4,75.5,75.0,75.5,172180.0,0.0
274,2014-06-26,75.5,76.0,75.5,76.0,5000.0,0.0
275,2014-06-27,75.0,75.5,75.0,75.5,93600.0,0.0
276,2014-06-30,75.65,75.65,75.0,75.0,17910.0,0.0
277,2014-07-02,76.0,76.0,76.0,76.0,2000.0,0.0
278,2014-07-03,75.9,75.9,75.2,75.2,15500.0,0.0
279,2014-07-08,75.9,75.9,75.9,75.9,70.0,0.0
280,2014-07-09,75.35,75.35,75.3,75.3,34840.0,-2623477.0
281,2014-07-10,75.25,75.3,75.25,75.3,5460.0,0.0
282,2014-07-11,75.3,75.3,75.3,75.3,1000.0,75300.0
283,2014-07-14,75.5,75.5,75.5,75.5,11590.0,0.0
284,2014-07-15,75.5,75.5,75.0,75.0,40000.0,-2761519.0
285,2014-07-17,75.05,75.9,75.0,75.05,126270.0,0.0
286,2014-07-21,75.15,75.2,75.0,75.0,141000.0,-10503553.0
287,2014-07-22,75.15,75.15,75.0,75.0,182700.0,-12953650.0
288,2014-07-23,75.05,75.85,75.0,75.85,104200.0,-6923075.0
289,2014-07-24,75.1,75.1,75.05,75.05,2700.0,0.0
290,2014-07-25,75.85,75.85,75.0,75.0,131560.0,-3752315.0
291,2014-07-28,75.0,75.2,75.0,75.2,99120.0,993750.0
292,2014-07-30,74.9,75.5,74.9,75.5,57940.0,-2996000.0
293,2014-07-31,75.5,75.5,75.5,75.5,23000.0,1736500.0
294,2014-08-01,75.2,75.2,75.05,75.05,70000.0,-5259500.0
295,2014-08-04,75.4,75.4,75.05,75.05,30850.0,-1189542.0
296,2014-08-05,75.1,75.1,75.1,75.1,22300.0,-1674730.0
297,2014-08-06,75.05,75.05,75.05,75.05,30000.0,-2251500.0
298,2014-08-11,75.5,75.5,75.5,75.5,450.0,0.0
299,2014-08-12,75.2,75.2,75.1,75.1,26700.0,0.0
300,2014-08-13,75.5,75.9,75.5,75.5,46720.0,0.0
301,2014-08-14,75.5,75.5,75.5,75.5,9390.0,-708945.0
302,2014-08-15,75.5,75.9,75.5,75.9,29330.0,-801853.0
303,2014-08-18,75.75,75.75,74.7,75.0,282180.0,375000.0
304,2014-08-19,74.75,74.75,74.5,74.7,177910.0,0.0
305,2014-08-20,74.7,74.75,74.7,74.7,111210.0,0.0
306,2014-08-22,74.7,74.7,74.7,74.7,50390.0,0.0
307,2014-08-26,74.7,74.7,74.6,74.7,17010.0,0.0
308,2014-08-27,74.6,74.75,74.55,74.75,295030.0,0.0
309,2014-08-28,74.75,74.8,74.75,74.8,63990.0,373750.0
310,2014-08-29,74.8,74.9,74.8,74.8,245540.0,1122500.0
311,2014-09-01,74.85,74.9,74.75,74.75,113580.0,374000.0
312,2014-09-02,74.95,75.0,74.95,75.0,88860.0,0.0
313,2014-09-03,75.0,75.1,75.0,75.0,29640.0,0.0
314,2014-09-04,75.45,75.45,75.45,75.45,280.0,0.0
315,2014-09-05,75.5,75.5,75.45,75.5,43830.0,0.0
316,2014-09-08,74.85,75.45,74.85,75.45,25800.0,0.0
317,2014-09-09,75.2,75.5,75.2,75.3,8700.0,0.0
318,2014-09-10,75.5,75.5,75.5,75.5,6900.0,0.0
319,2014-09-11,75.7,75.7,75.7,75.7,1000.0,0.0
320,2014-09-12,75.7,75.7,75.7,75.7,490.0,0.0
321,2014-09-15,75.45,75.45,75.45,75.45,70.0,0.0
322,2014-09-16,75.7,76.15,75.7,76.15,3730.0,0.0
323,2014-09-17,75.75,75.75,75.75,75.75,2000.0,0.0
324,2014-09-18,76.0,76.0,75.8,75.8,10500.0,-758000.0
325,2014-09-22,75.8,75.8,75.8,75.8,250.0,0.0
326,2014-09-23,76.0,76.0,76.0,76.0,81150.0,0.0
327,2014-09-25,76.0,76.1,76.0,76.1,11700.0,0.0
328,2014-09-30,76.35,76.5,76.2,76.5,30580.0,1916931.0
329,2014-10-01,76.35,76.5,76.25,76.25,81080.0,-915250.0
330,2014-10-02,76.5,76.5,76.5,76.5,20.0,0.0
331,2014-10-03,76.2,76.2,76.0,76.0,31500.0,0.0
332,2014-10-08,76.5,76.5,76.5,76.5,1490.0,0.0
333,2014-10-09,76.5,76.5,76.5,76.5,2000.0,0.0
334,2014-10-13,76.5,76.5,76.5,76.5,15000.0,0.0
335,2014-10-14,76.5,76.5,76.5,76.5,11040.0,0.0
336,2014-10-15,76.0,76.0,76.0,76.0,70.0,0.0
337,2014-10-20,76.5,76.5,76.5,76.5,150.0,0.0
338,2014-10-21,76.95,78.0,76.95,78.0,96730.0,0.0
339,2014-10-22,77.0,77.0,76.55,76.55,5000.0,0.0
340,2014-10-23,77.8,77.8,77.5,77.5,24470.0,-1030850.0
341,2014-10-24,76.75,78.0,76.0,78.0,56600.0,0.0
342,2014-10-27,77.6,77.9,77.6,77.8,27800.0,-1167901.0
343,2014-10-28,77.9,78.0,77.75,77.75,45230.0,0.0
344,2014-10-29,77.75,78.0,77.75,78.0,36620.0,-390000.0
345,2014-10-30,78.0,78.0,78.0,78.0,9930.0,0.0
346,2014-10-31,78.0,78.0,78.0,78.0,5000.0,0.0
347,2014-11-03,78.0,78.0,78.0,78.0,1000.0,0.0
348,2014-11-04,78.0,78.0,78.0,78.0,7460.0,0.0
349,2014-11-05,78.0,78.0,78.0,78.0,132540.0,0.0
350,2014-11-06,78.0,78.0,78.0,78.0,12000.0,0.0
351,2014-11-07,78.0,78.3,78.0,78.3,3210.0,0.0
352,2014-11-11,78.5,78.5,78.0,78.0,11070.0,0.0
353,2014-11-13,77.5,77.5,77.5,77.5,2000.0,0.0
354,2014-11-14,78.5,78.5,78.5,78.5,50000.0,0.0
355,2014-11-27,78.5,78.5,78.5,78.5,60.0,0.0
356,2014-11-28,76.6,76.6,76.6,76.6,130.0,0.0
357,2014-12-04,78.5,78.5,78.5,78.5,20.0,0.0
358,2014-12-09,78.0,78.0,78.0,78.0,12830.0,0.0
359,2014-12-10,78.0,78.5,78.0,78.5,18240.0,0.0
360,2014-12-11,78.5,78.5,78.0,78.5,33540.0,0.0
361,2014-12-12,78.5,78.5,78.5,78.5,10000.0,0.0
362,2014-12-15,78.0,78.0,78.0,78.0,5000.0,0.0
363,2014-12-17,79.0,79.0,79.0,79.0,7800.0,0.0
364,2014-12-18,78.2,78.2,78.2,78.2,5000.0,0.0
365,2014-12-19,78.15,78.15,78.15,78.15,800.0,0.0
366,2014-12-23,78.15,78.15,78.15,78.15,3350.0,0.0
367,2015-01-05,78.15,79.0,78.15,79.0,880.0,0.0
368,2015-01-06,79.0,79.0,79.0,79.0,80170.0,0.0
369,2015-01-07,78.5,78.5,78.0,78.0,13440.0,0.0
370,2015-01-08,78.5,78.5,78.5,78.5,5550.0,0.0
371,2015-01-13,78.0,78.0,78.0,78.0,29480.0,0.0
372,2015-01-14,78.0,79.0,78.0,79.0,1630.0,0.0
373,2015-01-21,79.0,79.0,79.0,79.0,3400.0,0.0
374,2015-01-22,79.0,80.0,79.0,80.0,5810.0,0.0
375,2015-01-23,79.0,79.0,79.0,79.0,20000.0,0.0
376,2015-01-26,79.0,79.0,79.0,79.0,1500.0,0.0
377,2015-02-03,79.9,79.9,79.9,79.9,20.0,0.0
378,2015-02-04,79.9,79.9,79.9,79.9,20.0,0.0
379,2015-02-05,79.0,79.0,78.0,78.0,20000.0,-1570920.0
380,2015-02-10,78.0,78.0,78.0,78.0,1240.0,0.0
381,2015-02-12,78.5,78.5,78.5,78.5,4000.0,0.0
382,2015-02-13,78.5,78.5,78.5,78.5,20000.0,-1570000.0
383,2015-02-17,78.5,78.5,78.5,78.5,220.0,0.0
384,2015-02-23,79.0,79.0,79.0,79.0,1800.0,0.0
385,2015-02-24,78.0,78.0,78.0,78.0,6200.0,0.0
386,2015-02-26,78.5,78.5,78.5,78.5,26600.0,0.0
387,2015-03-02,79.65,89.5,79.65,81.95,32010.0,-2106830.0
388,2015-03-04,79.2,80.0,79.0,80.0,14020.0,396000.0
389,2015-03-05,79.95,80.0,79.95,80.0,16760.0,195200.0
390,2015-03-06,80.0,81.0,80.0,81.0,4900.0,83624.0
391,2015-03-09,81.0,81.0,81.0,81.0,3500.0,0.0
392,2015-03-10,81.0,81.0,81.0,81.0,2000.0,0.0
393,2015-03-11,81.0,81.0,81.0,81.0,38000.0,0.0
394,2015-03-12,81.15,81.6,81.15,81.6,2540.0,0.0
395,2015-03-13,81.6,82.0,81.6,82.0,18170.0,0.0
396,2015-03-16,82.0,82.5,82.0,82.5,5100.0,0.0
397,2015-03-17,82.0,82.0,81.0,82.0,46300.0,-2680580.0
398,2015-03-18,81.2,81.2,81.0,81.0,67310.0,-5457020.0
399,2015-03-19,84.0,89.5,84.0,84.0,86740.0,0.0
400,2015-03-24,80.05,80.2,80.05,80.2,15210.0,0.0
401,2015-03-25,80.5,80.5,80.5,80.5,40.0,0.0
402,2015-03-26,83.95,84.0,83.95,84.0,12000.0,0.0
403,2015-03-27,84.0,84.0,84.0,84.0,30030.0,0.0
404,2015-03-31,83.0,83.0,83.0,83.0,12990.0,0.0
405,2015-04-01,83.0,83.0,83.0,83.0,6000.0,0.0
406,2015-04-06,83.0,83.0,83.0,83.0,5000.0,0.0
407,2015-04-07,83.0,83.0,80.55,80.55,20300.0,-1640672.0
408,2015-04-13,83.0,83.0,83.0,83.0,14400.0,0.0
409,2015-04-23,81.0,83.0,81.0,83.0,86510.0,0.0
410,2015-04-27,83.0,83.0,83.0,83.0,470.0,0.0
411,2015-04-28,83.0,83.0,83.0,83.0,9640.0,0.0
412,2015-04-29,83.9,83.95,83.9,83.95,1990.0,0.0
413,2015-05-06,83.95,84.0,83.95,84.0,8870.0,0.0
414,2015-05-11,83.5,83.5,83.5,83.5,6000.0,0.0
415,2015-05-13,84.0,84.0,84.0,84.0,30670.0,0.0
416,2015-05-14,84.0,84.0,84.0,84.0,38000.0,0.0
417,2015-05-15,84.0,84.0,84.0,84.0,5450.0,0.0
418,2015-05-18,84.0,84.0,84.0,84.0,1010.0,0.0
419,2015-05-19,84.0,84.0,84.0,84.0,4710.0,0.0
420,2015-05-20,84.5,84.5,84.0,84.0,127870.0,0.0
421,2015-05-21,84.0,84.0,84.0,84.0,2960.0,0.0
422,2015-05-25,85.3,85.6,85.3,85.6,1150.0,0.0
423,2015-05-27,84.4,84.45,84.4,84.45,8000.0,0.0
424,2015-05-29,81.15,81.15,81.15,81.15,40000.0,0.0
425,2015-06-01,82.1,82.2,82.1,82.2,2080.0,0.0
426,2015-06-02,82.5,82.5,82.5,82.5,5000.0,0.0
427,2015-06-03,84.0,84.0,84.0,84.0,2000.0,0.0
428,2015-06-04,82.2,82.2,82.15,82.15,27190.0,0.0
429,2015-06-05,82.2,82.2,82.2,82.2,3000.0,0.0
430,2015-06-08,83.0,83.0,80.0,80.0,72000.0,-5626573.0
431,2015-06-09,83.0,84.15,83.0,84.15,12850.0,0.0
432,2015-06-10,84.0,84.0,84.0,84.0,29270.0,0.0
433,2015-06-11,81.95,81.95,81.95,81.95,110.0,0.0
434,2015-06-15,84.1,85.0,84.1,85.0,2630.0,0.0
435,2015-06-16,85.0,85.0,85.0,85.0,20.0,0.0
436,2015-06-17,83.5,84.5,83.5,84.5,7260.0,0.0
437,2015-06-18,84.9,85.0,84.9,85.0,11000.0,0.0
438,2015-06-19,84.9,84.9,84.9,84.9,1500.0,0.0
439,2015-06-22,85.0,85.0,81.5,81.5,28770.0,-815000.0
440,2015-06-23,84.0,85.3,84.0,85.3,38500.0,0.0
441,2015-06-24,85.0,85.1,85.0,85.1,8060.0,0.0
442,2015-06-25,85.0,85.1,85.0,85.1,12780.0,0.0
443,2015-06-26,84.0,84.0,84.0,84.0,500.0,0.0
444,2015-06-30,84.0,85.0,84.0,85.0,10710.0,-840000.0
445,2015-07-01,85.0,85.0,85.0,85.0,14040.0,0.0
446,2015-07-02,84.0,85.0,84.0,85.0,26440.0,0.0
447,2015-07-03,85.0,85.0,85.0,85.0,39260.0,0.0
448,2015-07-06,85.0,85.05,85.0,85.05,20000.0,0.0
449,2015-07-07,85.0,85.0,85.0,85.0,30000.0,0.0
450,2015-07-08,84.5,84.5,84.5,84.5,5000.0,0.0
451,2015-07-09,84.5,84.5,84.5,84.5,10000.0,0.0
452,2015-07-10,84.5,84.5,84.5,84.5,5000.0,0.0
453,2015-07-14,84.5,84.5,84.5,84.5,7000.0,0.0
454,2015-07-20,85.0,85.0,85.0,85.0,5000.0,0.0
455,2015-07-21,85.0,85.0,84.8,84.8,12500.0,0.0
456,2015-07-22,85.0,85.05,84.85,85.05,16870.0,0.0
457,2015-07-23,84.8,84.9,82.5,84.9,80280.0,-5803536.0
458,2015-07-24,82.6,84.85,82.6,82.6,11350.0,0.0
459,2015-07-27,84.9,84.9,84.9,84.9,780.0,0.0
460,2015-07-28,84.9,84.9,84.9,84.9,4000.0,0.0
461,2015-08-03,82.0,82.0,82.0,82.0,10000.0,0.0
462,2015-08-04,80.0,80.0,80.0,80.0,5000.0,0.0
463,2015-08-05,82.0,82.0,80.0,80.0,13400.0,0.0
464,2015-08-06,81.0,81.0,81.0,81.0,200.0,0.0
465,2015-08-07,80.0,80.0,80.0,80.0,18100.0,0.0
466,2015-08-10,79.0,80.0,79.0,80.0,18800.0,0.0
467,2015-08-11,79.25,79.25,79.0,79.0,17810.0,0.0
468,2015-08-14,80.0,80.0,76.0,76.0,80650.0,-6125860.0
469,2015-08-24,79.0,79.0,77.5,79.0,6810.0,0.0
470,2015-08-25,79.0,79.0,79.0,79.0,400.0,0.0
471,2015-08-26,77.55,79.0,77.55,79.0,12000.0,0.0
472,2015-08-27,79.0,79.0,78.3,79.0,17510.0,0.0
473,2015-08-28,80.0,81.5,80.0,81.5,5900.0,0.0
474,2015-09-02,78.05,78.05,78.0,78.0,7100.0,0.0
475,2015-09-03,78.05,78.05,78.05,78.05,100.0,0.0
476,2015-09-04,80.5,81.5,80.5,81.45,36810.0,0.0
477,2015-09-07,80.85,81.5,80.85,81.5,23300.0,0.0
478,2015-09-08,80.0,80.0,80.0,80.0,20.0,0.0
479,2015-09-11,80.0,80.0,80.0,80.0,31630.0,0.0
480,2015-09-15,80.0,80.0,80.0,80.0,20000.0,0.0
481,2015-09-16,80.0,80.0,80.0,80.0,7570.0,0.0
482,2015-09-21,80.0,80.0,80.0,80.0,4000.0,0.0
483,2015-09-24,80.0,80.0,78.5,78.5,12800.0,0.0
484,2015-10-02,78.7,78.7,78.7,78.7,13300.0,0.0
485,2015-10-07,78.9,78.9,78.9,78.9,2000.0,0.0
486,2015-10-14,78.9,78.9,78.2,78.2,70000.0,-5485645.0
487,2015-10-19,78.2,78.2,78.0,78.0,25970.0,0.0
488,2015-10-20,78.2,78.2,78.2,78.2,1000.0,0.0
489,2015-10-28,79.0,79.0,79.0,79.0,1500.0,0.0
490,2015-11-03,79.05,79.05,79.0,79.0,1000.0,0.0
491,2015-11-04,79.15,79.15,79.1,79.1,12870.0,0.0
492,2015-11-05,79.1,79.1,79.0,79.0,22000.0,0.0
493,2015-11-06,79.0,79.0,78.7,78.7,1500.0,0.0
494,2015-11-11,79.0,79.0,79.0,79.0,10590.0,0.0
495,2015-11-12,81.0,82.0,81.0,82.0,4930.0,0.0
496,2015-11-13,81.0,81.0,81.0,81.0,290.0,0.0
497,2015-11-16,82.0,85.0,82.0,85.0,15100.0,0.0
498,2015-11-23,78.7,78.7,78.7,78.7,1500.0,0.0
499,2015-11-26,79.05,79.05,79.05,79.05,1000.0,0.0
500,2015-12-01,80.0,80.0,80.0,80.0,1400.0,0.0
501,2015-12-03,80.0,80.0,80.0,80.0,2120.0,0.0
502,2015-12-07,79.05,79.05,79.05,79.05,1500.0,0.0
503,2015-12-08,80.0,80.0,80.0,80.0,70.0,0.0
504,2015-12-09,80.7,80.75,78.05,78.05,151810.0,0.0
505,2015-12-10,80.7,80.7,79.0,79.0,9630.0,0.0
506,2015-12-11,80.7,80.7,80.7,80.7,153480.0,1628526.0
507,2015-12-14,77.0,77.0,77.0,77.0,1000.0,0.0
508,2015-12-16,77.4,77.4,77.4,77.4,50.0,0.0
509,2016-01-05,77.6,77.6,77.5,77.5,700.0,0.0
510,2016-01-07,80.9,81.0,80.9,81.0,2790.0,0.0
511,2016-01-08,80.75,81.0,80.75,81.0,4920.0,0.0
512,2016-01-11,80.75,81.0,78.0,80.0,15400.0,0.0
513,2016-01-12,80.9,80.9,80.9,80.9,3080.0,0.0
514,2016-01-13,80.8,80.8,80.8,80.8,3200.0,0.0
515,2016-01-14,80.8,80.9,80.8,80.9,3700.0,0.0
516,2016-01-18,79.5,79.5,79.5,79.5,6700.0,0.0
517,2016-01-20,80.8,80.8,80.0,80.0,9170.0,0.0
518,2016-01-21,80.0,80.0,80.0,80.0,100.0,0.0
519,2016-01-27,80.5,80.5,80.5,80.5,4290.0,0.0
520,2016-01-29,80.5,80.5,80.5,80.5,5320.0,0.0
521,2016-02-01,80.5,80.5,80.5,80.5,2500.0,0.0
522,2016-02-02,80.0,80.0,77.0,77.0,40000.0,-3161630.0
523,2016-02-05,79.0,79.0,79.0,79.0,2300.0,0.0
524,2016-02-09,79.5,79.5,79.5,79.5,2000.0,0.0
525,2016-02-10,80.6,80.6,80.6,80.6,1000.0,0.0
526,2016-02-11,80.5,80.5,80.5,80.5,20000.0,-1610000.0
527,2016-02-18,80.5,80.5,80.5,80.5,3000.0,0.0
528,2016-02-26,79.0,79.0,79.0,79.0,10000.0,-790000.0
529,2016-03-01,80.0,80.0,80.0,80.0,53200.0,0.0
530,2016-03-02,80.0,80.0,78.2,78.2,30000.0,0.0
531,2016-03-03,78.2,78.2,78.0,78.0,2700.0,0.0
532,2016-03-11,80.0,80.0,80.0,80.0,30.0,0.0
533,2016-03-14,81.0,81.0,81.0,81.0,50.0,0.0
534,2016-03-15,81.0,81.0,80.0,80.0,2020.0,0.0
535,2016-03-16,76.0,80.0,76.0,76.5,13230.0,553400.0
536,2016-03-17,76.5,76.5,76.5,76.5,20.0,0.0
537,2016-03-18,80.0,80.0,80.0,80.0,30.0,0.0
538,2016-03-28,77.4,80.0,77.4,80.0,3240.0,0.0
539,2016-03-30,77.2,80.0,77.2,80.0,13020.0,0.0
540,2016-03-31,80.0,80.0,80.0,80.0,20000.0,0.0
541,2016-04-11,78.0,78.0,78.0,78.0,300.0,0.0
542,2016-04-12,78.0,78.0,78.0,78.0,4590.0,0.0
543,2016-04-14,77.5,77.5,77.5,77.5,300.0,0.0
544,2016-04-15,77.1,77.5,77.0,77.5,10180.0,0.0
545,2016-04-18,76.7,77.5,76.7,77.5,14710.0,0.0
546,2016-04-19,77.0,77.5,77.0,77.5,17600.0,271250.0
547,2016-04-20,77.5,77.5,76.45,76.45,3000.0,0.0
548,2016-04-21,76.55,77.5,76.5,77.5,33010.0,0.0
549,2016-04-22,77.0,77.0,77.0,77.0,15000.0,0.0
550,2016-04-26,77.5,77.5,77.5,77.5,24070.0,0.0
551,2016-04-27,77.5,77.5,77.5,77.5,56400.0,0.0
552,2016-04-28,77.5,77.5,77.5,77.5,153850.0,0.0
553,2016-04-29,77.15,77.5,77.15,77.5,29930.0,0.0
554,2016-05-04,78.0,78.0,78.0,78.0,10000.0,0.0
555,2016-05-11,78.0,78.0,78.0,78.0,1500.0,0.0
556,2016-05-25,79.0,79.0,79.0,79.0,1000.0,0.0
557,2016-05-30,78.5,78.5,78.5,78.5,500.0,0.0
558,2016-05-31,79.0,79.0,78.9,78.9,250.0,0.0
559,2016-06-01,79.0,79.0,79.0,79.0,12770.0,0.0
560,2016-06-02,79.0,79.0,78.5,78.5,20520.0,-1571000.0
561,2016-06-03,79.0,79.0,78.9,78.9,4650.0,0.0
562,2016-06-06,79.0,79.0,79.0,79.0,19000.0,0.0
563,2016-06-07,79.85,79.85,79.85,79.85,180.0,0.0
564,2016-06-13,78.5,79.5,77.55,79.5,70380.0,-5469452.0
565,2016-06-15,79.5,79.5,79.5,79.5,100.0,0.0
566,2016-06-17,79.5,79.5,79.5,79.5,10000.0,0.0
567,2016-06-20,79.5,80.0,79.5,80.0,16330.0,0.0
568,2016-06-21,80.5,80.5,80.5,80.5,4000.0,0.0
569,2016-06-29,77.55,77.55,77.5,77.5,12840.0,0.0
570,2016-06-30,80.0,80.0,79.7,79.7,11240.0,0.0
571,2016-07-08,79.7,79.9,79.7,79.9,27000.0,0.0
572,2016-07-12,79.6,79.6,78.5,78.5,8360.0,0.0
573,2016-07-13,78.5,78.5,78.5,78.5,10650.0,0.0
574,2016-07-18,78.5,78.5,78.5,78.5,2500.0,0.0
575,2016-07-19,78.5,78.5,78.5,78.5,7500.0,-588750.0
576,2016-07-20,78.5,78.5,78.5,78.5,13900.0,-934150.0
577,2016-07-21,77.55,77.55,75.75,75.75,40000.0,-3054893.0
578,2016-07-22,77.9,77.9,76.5,76.5,2160.0,0.0
579,2016-07-25,76.65,76.65,75.8,76.5,100970.0,-5661865.0
580,2016-07-26,76.0,76.5,76.0,76.05,86650.0,-6565578.0
581,2016-07-27,77.0,77.0,77.0,77.0,10000.0,-770000.0
582,2016-07-28,77.0,77.0,77.0,77.0,27570.0,0.0
583,2016-07-29,77.0,77.5,76.5,76.5,143820.0,-11013260.0
584,2016-08-01,77.5,77.5,77.5,77.5,96180.0,-7453950.0
585,2016-08-04,78.0,78.5,78.0,78.0,70000.0,-3900005.0
586,2016-08-05,78.2,78.2,78.2,78.2,8000.0,0.0
587,2016-08-08,78.5,78.5,78.5,78.5,770.0,-60445.0
588,2016-08-09,78.5,78.5,78.0,78.0,29830.0,-2336810.0
589,2016-08-15,78.5,78.5,78.5,78.5,16000.0,0.0
590,2016-08-16,78.5,78.5,78.0,78.5,35000.0,-1565000.0
591,2016-08-17,78.9,78.9,78.9,78.9,850.0,0.0
592,2016-08-18,78.9,78.9,78.5,78.5,150.0,0.0
593,2016-08-22,78.55,78.55,78.5,78.5,15500.0,0.0
594,2016-08-23,78.5,78.95,78.05,78.95,12130.0,0.0
595,2016-08-25,78.55,78.55,78.3,78.3,10000.0,-784050.0
596,2016-08-26,78.85,78.85,78.85,78.85,4000.0,0.0
597,2016-08-30,78.5,78.5,77.55,77.55,40000.0,0.0
598,2016-09-02,78.0,78.0,77.5,77.5,20000.0,-1553280.0
599,2016-09-06,79.0,79.0,77.6,77.6,13560.0,-4740.0
600,2016-09-07,79.0,79.0,79.0,79.0,22810.0,-785260.0
601,2016-09-08,77.6,77.6,77.55,77.55,30000.0,-2326835.0
602,2016-09-09,79.0,79.5,79.0,79.5,3410.0,0.0
603,2016-09-13,79.0,79.0,79.0,79.0,19520.0,0.0
604,2016-09-14,79.5,79.5,79.0,79.5,16970.0,0.0
605,2016-09-15,79.45,79.5,79.45,79.5,19440.0,0.0
606,2016-09-16,78.0,78.0,78.0,78.0,7530.0,0.0
607,2016-09-19,78.0,78.0,78.0,78.0,250.0,0.0
608,2016-09-20,77.05,77.5,77.05,77.5,6850.0,0.0
609,2016-09-21,78.0,78.0,78.0,78.0,10.0,0.0
610,2016-09-23,77.7,77.8,75.0,77.8,76730.0,0.0
611,2016-09-26,77.8,77.9,77.8,77.8,14900.0,0.0
612,2016-09-27,77.8,77.8,77.8,77.8,2500.0,0.0
613,2016-09-29,77.7,77.7,77.7,77.7,5000.0,0.0
614,2016-09-30,77.7,77.7,77.5,77.5,5800.0,0.0
615,2016-10-06,77.8,77.8,77.5,77.5,6700.0,0.0
616,2016-10-07,77.0,77.0,76.4,76.4,3000.0,0.0
617,2016-10-10,76.6,76.6,76.5,76.5,40100.0,0.0
618,2016-10-11,76.5,76.5,76.5,76.5,118990.0,0.0
619,2016-10-12,76.5,76.5,76.5,76.5,59490.0,0.0
620,2016-10-13,76.5,76.5,76.5,76.5,62500.0,0.0
621,2016-10-19,77.1,77.1,76.7,76.7,4220.0,0.0
622,2016-10-21,77.0,77.0,77.0,77.0,5000.0,0.0
623,2016-11-04,77.5,77.5,77.5,77.5,1000.0,0.0
624,2016-11-08,77.4,77.95,77.4,77.95,550.0,0.0
625,2016-11-09,77.4,77.4,77.4,77.4,300.0,0.0
626,2016-11-11,77.1,77.1,77.0,77.0,20000.0,-1540205.0
627,2016-11-14,77.0,77.0,77.0,77.0,60.0,0.0
628,2016-11-15,77.0,77.0,77.0,77.0,14000.0,0.0
629,2016-11-17,77.95,77.95,77.95,77.95,1000.0,0.0
630,2016-11-23,77.25,77.25,77.25,77.25,1000.0,0.0
631,2016-11-25,77.25,77.95,77.25,77.95,36010.0,0.0
632,2016-11-28,78.0,78.0,78.0,78.0,150.0,0.0
633,2016-11-29,77.95,78.0,77.95,78.0,5600.0,0.0
634,2016-12-01,78.0,78.0,78.0,78.0,500.0,0.0
635,2016-12-02,77.95,77.95,77.95,77.95,28060.0,0.0
636,2016-12-05,77.95,77.95,77.95,77.95,900.0,0.0
637,2016-12-06,77.85,77.85,77.85,77.85,1000.0,0.0
638,2016-12-08,77.7,77.7,77.15,77.2,4310.0,0.0
639,2016-12-12,77.1,77.1,77.1,77.1,500.0,38550.0
640,2016-12-15,78.0,78.0,78.0,78.0,20.0,0.0
641,2016-12-16,80.0,80.0,80.0,80.0,680.0,0.0
642,2017-01-04,77.1,77.45,77.1,77.45,2770.0,59367.0
643,2017-01-05,77.35,77.35,77.35,77.35,100.0,0.0
644,2017-01-06,76.7,76.7,76.7,76.7,600.0,0.0
645,2017-01-10,76.9,76.95,76.8,76.8,13460.0,0.0
646,2017-01-11,77.0,77.0,77.0,77.0,5140.0,0.0
647,2017-01-12,77.0,77.4,76.9,77.4,10110.0,0.0
648,2017-01-13,77.4,77.4,77.4,77.4,3000.0,0.0
649,2017-01-19,77.4,77.4,77.0,77.4,6240.0,0.0
650,2017-01-20,77.4,77.4,77.0,77.0,14790.0,0.0
651,2017-01-24,77.0,77.0,77.0,77.0,30240.0,0.0
652,2017-01-26,77.1,77.1,77.0,77.0,55200.0,0.0
653,2017-01-27,76.8,76.85,76.8,76.85,164270.0,0.0
654,2017-01-30,77.0,77.0,77.0,77.0,1990.0,0.0
655,2017-01-31,77.0,77.0,77.0,77.0,3680.0,0.0
656,2017-02-01,77.3,77.3,76.65,76.65,31700.0,0.0
657,2017-02-06,77.3,77.3,77.3,77.3,3810.0,0.0
658,2017-02-07,77.3,77.3,77.25,77.25,9470.0,0.0
659,2017-02-08,77.3,77.3,77.3,77.3,10.0,0.0
660,2017-02-10,77.3,77.3,77.0,77.0,26300.0,0.0
661,2017-02-13,77.3,77.3,77.0,77.0,400.0,0.0
662,2017-02-16,77.0,77.0,77.0,77.0,370.0,0.0
663,2017-02-17,77.0,77.0,77.0,77.0,5830.0,0.0
664,2017-02-20,77.0,77.0,76.0,76.0,21800.0,0.0
665,2017-02-21,77.0,77.0,77.0,77.0,108720.0,0.0
666,2017-02-27,77.0,77.0,77.0,77.0,142040.0,0.0
667,2017-02-28,77.0,77.0,77.0,77.0,33600.0,0.0
668,2017-03-01,76.95,77.15,76.95,77.15,31200.0,0.0
669,2017-03-02,77.3,77.9,77.3,77.9,30040.0,2321460.0
670,2017-03-06,77.9,77.9,77.9,77.9,710.0,0.0
671,2017-03-08,77.9,77.9,77.9,77.9,2340.0,0.0
672,2017-03-09,77.9,77.9,77.9,77.9,12000.0,0.0
673,2017-03-13,78.2,78.3,78.2,78.3,21100.0,0.0
674,2017-03-15,78.3,78.3,78.3,78.3,100.0,7830.0
675,2017-03-21,77.6,77.6,77.6,77.6,100.0,0.0
676,2017-03-24,78.0,78.0,78.0,78.0,130.0,0.0
677,2017-03-29,77.9,77.9,77.9,77.9,500.0,0.0
678,2017-03-30,77.85,77.85,77.85,77.85,100.0,0.0
679,2017-03-31,76.0,76.0,76.0,76.0,270.0,0.0
680,2017-04-03,76.0,76.0,76.0,76.0,2500.0,0.0
681,2017-04-04,76.3,76.3,76.3,76.3,5660.0,0.0
682,2017-04-10,77.85,77.85,77.85,77.85,30.0,0.0
683,2017-04-12,77.85,77.85,77.85,77.85,500.0,0.0
684,2017-04-20,76.35,76.35,76.0,76.0,33400.0,0.0
685,2017-04-25,77.5,77.5,77.5,77.5,50.0,0.0
686,2017-04-27,77.75,77.75,77.0,77.0,2340.0,0.0
687,2017-05-03,77.0,77.0,76.0,76.0,12350.0,0.0
688,2017-05-04,76.1,76.1,76.1,76.1,150.0,0.0
689,2017-05-05,76.25,76.25,76.25,76.25,1800.0,0.0
690,2017-05-08,76.3,76.9,76.2,76.9,9060.0,0.0
691,2017-05-10,77.0,77.5,77.0,77.4,2980.0,0.0
692,2017-05-11,77.4,77.4,77.4,77.4,330.0,0.0
693,2017-05-12,77.3,77.5,77.3,77.5,26240.0,0.0
694,2017-05-15,77.75,77.75,77.75,77.75,11380.0,0.0
695,2017-05-16,77.75,77.75,76.0,76.0,40640.0,0.0
696,2017-05-17,77.75,77.75,77.0,77.0,900.0,0.0
697,2017-05-18,77.0,77.5,77.0,77.0,50060.0,0.0
698,2017-05-19,77.75,77.75,77.0,77.2,20760.0,0.0
699,2017-05-22,77.1,77.1,77.0,77.1,860.0,0.0
700,2017-05-23,77.75,77.75,77.0,77.0,1250.0,0.0
701,2017-05-24,77.0,77.1,77.0,77.1,40890.0,0.0
702,2017-05-25,77.4,77.4,77.1,77.15,3350.0,0.0
703,2017-05-26,77.15,77.2,77.15,77.2,6760.0,0.0
704,2017-05-29,77.2,77.3,77.2,77.25,7090.0,0.0
705,2017-05-30,77.3,77.3,77.2,77.3,5290.0,0.0
706,2017-05-31,77.2,77.3,77.2,77.3,5520.0,0.0
707,2017-06-01,77.3,77.75,77.3,77.75,50.0,0.0
708,2017-06-02,77.2,77.25,77.2,77.2,1320.0,0.0
709,2017-06-06,77.2,77.7,77.2,77.7,3300.0,0.0
710,2017-06-07,77.7,77.7,77.6,77.6,1190.0,0.0
711,2017-06-14,77.7,77.7,77.7,77.7,20.0,0.0
712,2017-06-15,77.9,78.0,77.9,78.0,950.0,0.0
713,2017-06-16,77.95,77.95,77.8,77.8,400.0,0.0
714,2017-06-19,77.8,77.8,77.0,77.0,60.0,0.0
715,2017-06-20,77.0,77.0,76.95,76.95,12030.0,0.0
716,2017-06-21,77.0,77.0,76.5,76.5,20830.0,0.0
717,2017-06-22,77.0,77.0,77.0,77.0,10.0,0.0
718,2017-06-23,77.0,77.0,77.0,77.0,2020.0,0.0
719,2017-06-27,77.0,77.0,76.0,77.0,1200.0,0.0
720,2017-06-29,77.0,77.0,77.0,77.0,60.0,0.0
721,2017-06-30,76.1,77.0,76.1,77.0,320.0,0.0
722,2017-07-03,76.1,76.25,76.1,76.25,60.0,0.0
723,2017-07-04,76.1,76.1,76.1,76.1,340.0,0.0
724,2017-07-05,76.9,76.9,76.5,76.5,1480.0,0.0
725,2017-07-06,77.0,77.0,76.3,76.3,4010.0,0.0
726,2017-07-07,77.0,77.0,77.0,77.0,140.0,0.0
727,2017-07-10,76.95,76.95,76.75,76.75,470.0,0.0
728,2017-07-11,76.75,76.75,76.25,76.7,1150.0,0.0
729,2017-07-12,76.75,76.75,76.75,76.75,600.0,0.0
730,2017-07-13,76.75,76.75,76.6,76.6,3870.0,0.0
731,2017-07-13,76.75,76.75,76.6,76.6,3870.0,0.0
732,2017-07-14,76.6,76.6,76.6,76.6,530.0,0.0
733,2017-07-17,76.6,76.6,76.25,76.25,10500.0,0.0
734,2017-07-18,76.35,76.5,76.35,76.5,1070.0,0.0
735,2017-07-19,76.2,76.25,76.2,76.25,120.0,0.0
736,2017-07-20,76.5,76.5,75.6,75.6,42630.0,0.0
737,2017-07-21,76.5,76.5,76.5,76.5,540.0,0.0
738,2017-07-24,76.75,76.75,76.5,76.5,830.0,0.0
739,2017-07-25,76.6,76.6,76.55,76.55,30.0,0.0
740,2017-07-26,76.5,76.5,76.5,76.5,110.0,0.0
741,2017-07-27,76.5,76.5,76.4,76.4,12910.0,0.0
742,2017-07-28,76.4,76.4,76.4,76.4,930.0,0.0
743,2017-07-31,76.4,76.4,76.4,76.4,2930.0,0.0
744,2017-08-01,76.5,76.55,76.5,76.55,10300.0,0.0
745,2017-08-02,76.5,76.55,76.5,76.55,1030.0,0.0
746,2017-08-03,76.55,77.0,76.55,77.0,39060.0,0.0
747,2017-08-08,77.0,77.0,77.0,77.0,7270.0,0.0
748,2017-08-09,77.0,77.0,77.0,77.0,6490.0,0.0
749,2017-08-10,77.0,77.0,76.5,77.0,24190.0,0.0
750,2017-08-11,76.5,77.0,76.5,77.0,15410.0,0.0
751,2017-08-15,77.0,77.0,77.0,77.0,610.0,0.0
752,2017-08-16,77.0,77.0,77.0,77.0,4290.0,0.0
753,2017-08-17,77.0,77.0,77.0,77.0,90.0,0.0
754,2017-08-18,77.0,77.0,76.95,77.0,10610.0,0.0
755,2017-08-22,77.0,77.0,77.0,77.0,380.0,0.0
756,2017-08-23,77.0,77.0,76.55,76.65,1870.0,0.0
757,2017-08-24,77.0,77.0,76.6,76.6,4820.0,0.0
758,2017-08-29,77.0,77.0,76.6,76.8,1630.0,0.0
759,2017-08-30,77.0,77.0,76.8,77.0,190.0,0.0
760,2017-08-31,77.0,77.0,77.0,77.0,11550.0,770000.0
761,2017-09-04,77.0,77.0,76.5,76.5,9690.0,-637591.0
762,2017-09-05,76.5,76.5,76.5,76.5,2370.0,-181305.0
763,2017-09-06,76.95,76.95,76.45,76.5,3310.0,-23715.0
764,2017-09-07,76.5,76.5,76.5,76.5,1120.0,-85680.0
765,2017-09-08,76.5,76.5,76.0,76.0,62050.0,-4237127.0
766,2017-09-11,76.0,76.5,76.0,76.5,5470.0,-416160.0
767,2017-09-13,76.5,76.5,76.5,76.5,5360.0,-410040.0
768,2017-09-14,76.5,76.5,76.5,76.5,3070.0,-234855.0
769,2017-09-15,76.5,76.5,76.5,76.5,4530.0,-346545.0
770,2017-09-18,74.0,76.5,74.0,76.5,1310.0,0.0
771,2017-09-19,76.45,76.45,75.5,75.5,1060.0,0.0
772,2017-09-20,76.0,76.4,76.0,76.4,1120.0,0.0
773,2017-09-21,76.4,76.4,76.4,76.4,50.0,0.0
774,2017-09-22,76.4,76.4,76.4,76.4,1280.0,0.0
775,2017-09-25,76.4,76.4,74.5,74.5,70050.0,-4401645.0
776,2017-09-26,75.0,75.2,75.0,75.2,80340.0,-6000000.0
777,2017-09-27,75.2,75.2,75.2,75.2,1650.0,-124080.0
778,2017-09-28,75.2,75.2,75.0,75.0,9940.0,-258688.0
779,2017-09-29,75.2,75.2,75.2,75.2,12720.0,-903152.0
780,2017-10-02,75.2,75.2,74.5,74.5,17900.0,-970080.0
781,2017-10-03,75.0,75.0,75.0,75.0,100.0,-7500.0
782,2017-10-04,75.0,75.5,75.0,75.1,9160.0,-36700.0
783,2017-10-05,75.5,75.5,75.5,75.5,3370.0,-254435.0
784,2017-10-06,75.5,75.5,75.0,75.5,108930.0,-1894865.0
785,2017-10-09,75.5,75.6,75.0,75.6,80370.0,-6002550.0
786,2017-10-10,75.5,75.6,75.5,75.6,2010.0,0.0
787,2017-10-11,75.6,75.6,75.5,75.5,10100.0,-144960.0
788,2017-10-12,75.95,76.0,75.95,76.0,19840.0,0.0
789,2017-10-13,76.0,76.0,75.5,75.5,38920.0,-2927135.0
790,2017-10-17,75.5,75.5,75.5,75.5,35120.0,-2651560.0
791,2017-10-18,75.45,75.95,75.25,75.25,9380.0,0.0
792,2017-10-19,76.0,76.0,75.95,75.95,5310.0,0.0
793,2017-10-20,75.9,75.95,75.9,75.95,4360.0,0.0
794,2017-10-23,76.0,76.0,75.95,75.95,730.0,0.0
795,2017-10-24,76.0,76.0,76.0,76.0,30.0,0.0
796,2017-10-25,76.0,76.0,75.35,75.35,34000.0,-1507090.0
797,2017-10-26,75.9,75.9,75.2,75.2,43500.0,0.0
798,2017-10-27,76.0,76.0,76.0,76.0,120.0,0.0
799,2017-10-30,75.3,75.3,75.3,75.3,50.0,0.0
800,2017-11-02,76.0,76.0,75.7,75.7,3490.0,0.0
801,2017-11-03,75.7,75.75,75.3,75.3,8910.0,0.0
802,2017-11-06,75.5,75.7,75.5,75.7,17880.0,0.0
803,2017-11-07,75.7,75.7,75.5,75.7,900.0,0.0
804,2017-11-09,76.0,76.0,75.45,75.75,2790.0,0.0
805,2017-11-10,76.0,76.0,75.6,75.65,4920.0,0.0
806,2017-11-13,76.0,76.0,75.8,75.85,2290.0,0.0
807,2017-11-14,76.0,76.5,76.0,76.4,19460.0,0.0
808,2017-11-15,76.5,76.95,76.4,76.95,32480.0,0.0
809,2017-11-16,77.0,77.0,76.4,76.4,8460.0,0.0
810,2017-11-17,77.0,78.05,77.0,78.0,17830.0,0.0
811,2017-11-20,77.9,77.9,75.8,75.8,70430.0,-5345756.0
812,2017-11-21,76.0,76.0,76.0,76.0,320.0,0.0
813,2017-11-22,77.0,77.0,76.0,77.0,5660.0,0.0
814,2017-11-23,77.5,77.5,77.5,77.5,24700.0,0.0
815,2017-11-24,76.05,77.5,76.05,76.05,3040.0,0.0
816,2017-11-27,77.5,77.5,77.0,77.0,1960.0,0.0
817,2017-11-28,77.4,77.5,77.0,77.0,1070.0,0.0
818,2017-11-29,77.0,77.0,77.0,77.0,620.0,0.0
819,2017-12-01,77.0,77.5,77.0,77.5,820.0,0.0
820,2017-12-04,77.0,77.0,77.0,77.0,100.0,0.0
821,2017-12-05,77.3,77.3,77.3,77.3,120.0,0.0
822,2017-12-08,77.3,77.3,77.3,77.3,1760.0,133729.0
823,2017-12-11,75.35,77.3,75.35,77.3,21810.0,0.0
824,2017-12-12,77.3,77.4,77.0,77.2,14230.0,60294.0
825,2017-12-13,77.3,77.4,77.3,77.4,4750.0,31693.0
826,2017-12-14,77.4,77.5,77.35,77.5,29620.0,0.0
827,2017-12-15,77.5,77.5,77.0,77.0,19500.0,0.0
828,2017-12-18,77.05,77.35,77.05,77.25,340.0,0.0
829,2017-12-21,76.95,76.95,76.0,76.0,2740.0,0.0
830,2017-12-22,76.0,76.0,76.0,76.0,8380.0,0.0
831,2017-12-28,76.25,76.5,76.25,76.5,6500.0,38250.0
832,2017-12-29,76.5,76.75,76.0,76.5,22120.0,-760000.0
833,2018-01-03,76.5,76.75,76.5,76.75,3130.0,0.0
834,2018-01-05,76.5,76.6,76.45,76.6,45530.0,0.0
835,2018-01-08,76.75,76.75,76.6,76.6,3430.0,0.0
836,2018-01-09,76.5,76.5,75.0,75.5,26950.0,-1506258.0
837,2018-01-10,75.3,76.75,75.3,76.75,4630.0,0.0
838,2018-01-11,76.6,76.6,76.6,76.6,190.0,0.0
839,2018-01-12,76.7,76.7,76.7,76.7,100.0,0.0
840,2018-01-15,76.75,76.75,75.9,75.9,680.0,0.0
841,2018-01-16,76.0,76.0,75.8,75.8,760.0,0.0
842,2018-01-17,76.7,76.7,76.0,76.0,5200.0,0.0
843,2018-01-18,76.0,76.0,76.0,76.0,5230.0,0.0
844,2018-01-19,76.7,76.7,76.7,76.7,500.0,2301.0
845,2018-01-22,76.7,76.75,76.0,76.0,2770.0,0.0
846,2018-01-23,76.7,76.75,76.5,76.5,1640.0,0.0
847,2018-01-24,76.6,76.7,75.5,75.5,11870.0,-755593.0
848,2018-01-25,76.75,76.75,76.0,76.0,310.0,0.0
849,2018-01-26,76.75,76.75,76.65,76.65,1410.0,0.0
850,2018-01-29,76.65,77.0,76.65,77.0,7930.0,0.0
851,2018-01-30,77.0,77.0,77.0,77.0,600.0,0.0
852,2018-01-31,77.0,77.0,77.0,77.0,1090.0,0.0
853,2018-02-01,77.0,77.0,77.0,77.0,140.0,0.0
854,2018-02-02,77.0,77.0,76.5,76.5,9290.0,0.0
855,2018-02-05,76.5,76.6,76.5,76.5,17000.0,-1136790.0
856,2018-02-07,76.5,76.5,76.5,76.5,5140.0,-393210.0
857,2018-02-08,77.0,77.0,77.0,77.0,5000.0,0.0
858,2018-02-09,77.0,77.0,77.0,77.0,290.0,0.0
859,2018-02-12,77.0,77.0,77.0,77.0,920.0,0.0
860,2018-02-13,76.8,77.2,75.75,77.15,7330.0,0.0
861,2018-02-14,77.2,77.2,77.0,77.0,1030.0,0.0
862,2018-02-15,77.2,77.2,77.0,77.0,1770.0,0.0
863,2018-02-19,77.1,77.15,77.0,77.15,1480.0,0.0
864,2018-02-20,77.2,77.2,77.1,77.2,1660.0,0.0
865,2018-02-21,77.2,77.2,77.2,77.2,1230.0,0.0
866,2018-02-22,76.2,76.2,76.2,76.2,17810.0,0.0
867,2018-02-26,76.1,77.25,76.1,77.2,9520.0,0.0
868,2018-02-27,77.25,77.5,77.25,77.5,4360.0,0.0
869,2018-02-28,77.5,77.5,77.5,77.5,1500.0,0.0
870,2018-03-01,77.5,77.5,77.5,77.5,240.0,0.0
871,2018-03-02,77.5,77.5,77.2,77.2,14100.0,-756500.0
872,2018-03-05,77.0,77.0,76.95,76.95,2240.0,0.0
873,2018-03-06,76.85,76.85,75.0,75.0,1020.0,0.0
874,2018-03-09,75.1,76.65,75.0,76.65,20450.0,-1500269.0
875,2018-03-12,76.95,76.95,76.95,76.95,420.0,-32319.0
876,2018-03-13,76.5,76.95,76.5,76.95,1600.0,-7695.0
877,2018-03-14,75.1,75.1,75.1,75.1,10000.0,0.0
878,2018-03-15,76.95,76.95,76.95,76.95,290.0,-22315.0
879,2018-03-16,76.95,76.95,76.0,76.0,1320.0,-85243.0
880,2018-03-19,76.0,76.0,76.0,76.0,29870.0,-978120.0
881,2018-03-20,76.0,76.0,76.0,76.0,120.0,0.0
882,2018-03-21,76.0,76.5,75.15,76.5,60200.0,-4509093.0
883,2018-03-23,76.0,76.5,75.2,76.5,40650.0,-3008016.0
884,2018-03-26,76.0,76.5,75.5,76.5,260.0,0.0
885,2018-03-27,76.5,76.5,75.15,76.5,89170.0,-1503762.0
886,2018-03-28,77.1,77.1,76.8,76.8,20010.0,0.0
887,2018-04-02,76.5,77.0,76.5,77.0,1930,0
888,2018-04-03,77.0,77.0,77.0,77.0,370,0
889,2018-04-05,77.0,77.0,77.0,77.0,10,0
890,2018-04-06,75.25,75.9,75.2,75.9,11450,-660970
891,2018-04-10,77.0,77.0,77.0,77.0,200,0
892,2018-04-11,77.0,77.0,77.0,77.0,160,0
893,2018-04-12,75.8,76.0,75.8,76.0,860,15160
894,2018-04-13,77.0,77.0,75.2,75.2,1420,15100
895,2018-04-16,77.0,77.0,77.0,77.0,140,0
896,2018-04-17,77.0,77.0,75.25,75.25,870,0
897,2018-04-18,75.5,75.5,75.5,75.5,180,0
898,2018-04-19,77.0,77.0,76.0,76.0,400,0
899,2018-04-20,76.0,76.0,76.0,76.0,30,0
900,2018-04-24,77.0,77.0,77.0,77.0,880,0
901,2018-04-26,76.0,76.0,76.0,76.0,3360,0
902,2018-04-27,76.0,76.0,75.5,75.5,35650,-755000
903,2018-04-30,76.0,76.0,76.0,76.0,90,0
904,2018-05-03,76.0,76.05,75.2,75.2,2050,0
905,2018-05-07,77.0,77.0,77.0,77.0,10,0
906,2018-05-08,77.0,77.0,77.0,77.0,130,0
907,2018-05-09,76.9,76.9,76.9,76.9,60,0
908,2018-05-10,76.05,76.9,76.05,76.9,250,0
909,2018-05-11,76.95,77.0,76.95,77.0,69820,-1540000
910,2018-05-15,77.0,77.0,76.9,76.9,270,0
911,2018-05-16,76.0,77.0,76.0,77.0,3970,0
912,2018-05-17,77.0,77.0,76.7,77.0,29890,-768266
913,2018-05-18,76.7,76.7,76.7,76.7,1380,0
914,2018-05-21,77.1,77.1,77.1,77.1,7720,0
915,2018-05-22,77.0,77.0,77.0,77.0,10000,0
916,2018-05-24,77.0,77.1,77.0,77.1,50,0
917,2018-05-25,77.1,77.1,77.1,77.1,30,0
918,2018-05-28,77.1,77.1,77.1,77.1,150,0
919,2018-05-29,77.45,77.45,77.35,77.35,370,0
920,2018-05-30,77.0,77.0,77.0,77.0,50,0
921,2018-05-31,76.0,76.9,75.5,76.9,18930,0
922,2018-06-01,76.5,77.0,76.5,77.0,9870,0
923,2018-06-05,77.0,77.0,76.6,76.6,120,0
924,2018-06-06,77.0,77.0,77.0,77.0,890,0
925,2018-06-07,77.0,77.0,77.0,77.0,310,0
926,2018-06-08,77.0,77.0,77.0,77.0,450,0
927,2018-06-11,77.0,77.0,77.0,77.0,9370,0
928,2018-06-13,76.6,78.0,76.6,77.5,3950,0
929,2018-06-14,77.0,77.0,75.2,76.0,60500,-3787724
930,2018-06-18,76.0,76.5,76.0,76.5,3150,0
931,2018-06-19,75.25,76.4,75.25,76.4,110,0
932,2018-06-20,76.4,76.4,76.3,76.4,10000,763691
933,2018-06-21,76.0,76.0,75.25,75.25,50,0
934,2018-06-22,75.3,76.4,75.25,76.0,820,0
935,2018-06-25,76.0,76.0,76.0,76.0,50,0
936,2018-06-26,75.5,76.0,75.3,76.0,1500,0
937,2018-06-27,76.3,76.3,76.3,76.3,20,0
938,2018-06-28,75.35,76.3,75.35,76.3,237220,0
939,2018-06-29,76.3,76.3,76.3,76.3,1220,76300
940,2018-07-02,76.2,76.2,76.2,76.2,70,0
941,2018-07-03,76.3,76.3,76.3,76.3,30000,0
942,2018-07-04,76.3,76.3,76.3,76.3,10,0
943,2018-07-05,76.3,76.3,76.3,76.3,50,0
944,2018-07-06,76.3,76.3,76.3,76.3,20,0
945,2018-07-09,76.3,76.3,76.3,76.3,3620,0
946,2018-07-10,76.3,76.3,76.0,76.0,37140,0
947,2018-07-11,76.05,76.05,76.05,76.05,5000,0
948,2018-07-12,76.2,76.2,75.4,75.4,316160,0
949,2018-07-13,76.0,76.0,76.0,76.0,2300,0
950,2018-07-16,76.0,76.0,76.0,76.0,1190,0
951,2018-07-17,76.0,76.0,76.0,76.0,6200,0
952,2018-07-18,76.0,76.0,75.55,76.0,304870,0
953,2018-07-19,76.15,76.15,76.15,76.15,470,0
954,2018-07-20,76.15,76.15,76.15,76.15,10,0
955,2018-07-23,76.15,76.15,76.0,76.0,1520,0
956,2018-07-24,76.05,76.05,76.0,76.0,2270,0
957,2018-07-25,76.15,76.25,76.0,76.0,289910,0
958,2018-07-26,76.0,76.0,76.0,76.0,20560,-1562560
959,2018-07-27,76.0,76.0,76.0,76.0,67240,-3757440
960,2018-07-30,76.3,76.3,76.0,76.3,100560,0
961,2018-08-01,76.3,76.3,76.3,76.3,230,0
962,2018-08-02,76.3,76.3,76.3,76.3,3610,-76300
963,2018-08-03,77.4,77.4,76.1,77.4,26080,0
964,2018-08-06,77.35,77.35,77.35,77.35,100,0
965,2018-08-07,77.3,77.35,77.3,77.35,50,0
966,2018-08-08,77.35,77.4,76.05,76.05,7360,0
967,2018-08-09,91.0,91.0,77.0,77.5,2360,0
968,2018-08-10,76.55,76.6,76.55,76.6,820,0
969,2018-08-13,76.5,76.5,76.0,76.0,100000,-7609968
970,2018-08-14,77.5,77.5,76.0,76.0,2410,0
971,2018-08-15,77.0,77.0,77.0,77.0,50,0
972,2018-08-16,76.0,77.0,76.0,77.0,16080,0
973,2018-08-17,77.0,77.0,77.0,77.0,20,0
974,2018-08-20,77.0,77.0,76.0,76.5,5220,0
975,2018-08-23,77.05,77.05,75.5,75.5,340000,-1511525
976,2018-08-24,76.5,77.0,76.5,77.0,10930,0
977,2018-08-28,77.0,77.1,77.0,77.1,12590,0
978,2018-08-29,77.45,77.45,77.45,77.45,500,0
979,2018-08-30,76.05,77.45,76.05,77.45,1380,0
980,2018-08-31,77.4,77.4,76.05,77.4,1320080,0
981,2018-09-03,77.4,77.4,77.4,77.4,1100,0
982,2018-09-04,77.4,77.4,76.05,77.35,520320,1547815
983,2018-09-05,77.4,77.4,77.35,77.35,610,30960
984,2018-09-06,77.2,77.2,77.2,77.2,120,0
985,2018-09-07,76.25,77.25,76.25,77.25,890050,0
986,2018-09-10,76.3,77.25,76.3,77.25,275820,0
987,2018-09-11,76.35,77.25,76.35,77.25,900130,0
988,2018-09-12,76.3,77.45,76.3,77.45,434270,0
989,2018-09-13,77.4,77.4,77.4,77.4,3520,0
990,2018-09-14,77.0,77.4,77.0,77.4,940,0
991,2018-09-17,77.45,77.45,77.0,77.45,230,0
992,2018-09-18,77.0,77.0,75.0,75.0,155560,22500
993,2018-09-20,75.15,75.2,75.15,75.15,51500,-751545
994,2018-09-21,76.5,76.5,75.2,75.2,400,0
995,2018-09-24,75.2,75.2,75.0,75.1,70080,-5039108
996,2018-09-25,75.1,75.15,75.1,75.15,3370,-133015
997,2018-09-26,75.15,75.15,75.1,75.1,6540,-3006
998,2018-09-27,75.15,75.15,75.0,75.0,31020,-2328331
999,2018-09-28,76.45,76.45,76.45,76.45,80,0
1000,2018-10-01,76.45,76.45,76.45,76.45,100,0
1001,2018-10-02,75.5,75.5,75.05,75.05,2370,0
1002,2018-10-03,75.05,75.05,75.0,75.0,1900,0
1003,2018-10-04,75.0,75.0,75.0,75.0,10000,0
1004,2018-10-08,76.45,76.45,76.45,76.45,770,0
1005,2018-10-09,76.45,76.45,76.45,76.45,30,0
1006,2018-10-11,76.2,76.2,75.0,75.0,82600,0
1007,2018-10-12,76.0,76.0,75.5,75.5,350,0
1008,2018-10-15,75.5,75.5,75.5,75.5,1000,0
1009,2018-10-16,75.1,76.0,75.1,76.0,820,0
1010,2018-10-17,76.0,76.0,76.0,76.0,150,0
1011,2018-10-19,76.0,76.0,76.0,76.0,50,0
1012,2018-10-22,76.0,76.0,75.15,75.5,1950,0
1013,2018-10-23,75.15,75.15,75.15,75.15,4000,0
1014,2018-10-24,75.15,75.15,75.1,75.1,33680,0
1015,2018-10-25,75.1,75.1,75.1,75.1,1520,0
1016,2018-10-26,75.1,75.1,75.05,75.05,1200,0
1017,2018-10-29,75.8,75.9,75.8,75.9,790,0
1018,2018-10-30,75.9,75.9,75.0,75.9,21060,-1500581
1019,2018-10-31,75.05,75.05,75.05,75.05,10,0
1020,2018-11-05,75.05,75.05,75.0,75.0,31090,-2250000
1021,2018-11-06,75.9,75.9,75.9,75.9,80,0
1022,2018-11-07,75.1,75.1,75.1,75.1,40,0
1023,2018-11-08,75.9,75.9,75.9,75.9,1070,0
1024,2018-11-09,76.1,76.1,76.1,76.1,10,0
1025,2018-11-12,75.2,75.2,75.1,75.1,5050,0
1026,2018-11-13,75.1,75.2,75.1,75.2,3260,0
1027,2018-11-14,75.2,75.2,75.2,75.2,940,0
1028,2018-11-15,76.0,76.0,75.5,75.5,2260,0
1029,2018-11-16,75.7,75.7,75.3,75.3,2280,0
1030,2018-11-19,75.3,75.3,75.3,75.3,570,0
1031,2018-11-20,75.4,75.4,75.0,75.2,78890,0
1032,2018-11-21,75.95,75.95,75.2,75.2,2350,0
1033,2018-11-26,75.4,75.4,75.1,75.1,10180,0
1034,2018-11-27,75.95,75.95,75.95,75.95,100,0
1035,2018-11-28,75.95,75.95,75.95,75.95,80,0
1036,2018-12-03,75.95,75.95,75.1,75.1,240,0
1037,2018-12-06,75.5,75.95,75.0,75.9,10260,-750359
1038,2018-12-07,75.95,75.95,75.95,75.95,3000,0
1039,2018-12-10,75.9,75.9,75.9,75.9,100,0
1040,2018-12-11,75.9,75.9,75.3,75.3,1410,0
1041,2018-12-12,75.9,75.9,75.9,75.9,200,0
1042,2018-12-13,75.9,75.95,75.9,75.95,1730,0
